27158
31197
663633
42541
314728
314727
36883
22534
183949
10822
92624
13263
224597
37644
38385
675167
33529
659932
45107
45099
18458
92646
601427
40513
46719
121644
46487
10824
123907
11232
23792
90023
38385
280751
601427
40513
46719
121644
46487
10824
163424
603249
31197
3204
92624
234609
80133
31197
25982
44595
33399
44788
92624
92630
18458
31197
92662
62152
44595
44787
92630
659929
92624
18458
38385
675167
710253
33529
659932
45107
45099
18458
92646
31197
30596
23792
92693
37644
10824
33848
663623
92624
730881
38385
747862
34148
33429
644084
332614
92741
16718
38385
3204
23792
92693
92624
114265
43001
671669
10822
121680
38246
46487
92646
11232
92693
555239
92624
38385
3204
20152
44773
11232
46614
33399
8276
92679
30596
46677
46614
577834
92646
92624
671669
123907
90023
31197
704530
46676
38385
3204
92634
92624
8609
202699
46676
46487
90023
38385
3204
92634
92624
8609
44589
46676
46487
632127
32200
17711
29769
75994
719297
74084
60893
164850
94177
606744
32200
17711
44521
75994
60893
74084
164850
12257
644084
23792
34959
123
62152
46386
11232
44595
44078
659929
18458
94282
38385
46386
671669
92624
38385
33876
45537
11232
46609
45785
18458
92630
92646
94177
23792
719297
60893
74084
29772
644084
92741
75994
164850
11232
41769
38385
715998
44589
44773
38385
675167
33529
659932
45107
45099
18458
92646
94282
44602
3204
36384
92662
90497
92646
38385
202699
23792
92693
43001
92624
31013
690623
38385
675167
40513
92624
31013
3204
42994
40513
38385
163424
30601
37644
46609
92646
92624
18458
42994
23792
13328
42874
52887
30601
30596
45419
36558
52924
38346
10769
90497
17620
25375
755717
755720
151853
44775
38385
675167
33529
659932
45107
45099
18458
92646
83570
31197
44595
44787
659929
92624
42994
648090
41123
45391
43618
17663
25458
31910
25523
18771
64268
42994
32126
92667
94177
25799
29772
35416
52923
11045
12696
659929
10328
44082
33450
31197
44595
44788
92624
32123
38385
44763
17438
44078
33399
192565
42994
38385
44078
17438
33399
632136
42994
44454
16830
94177
40328
13328
23792
107102
70400
45353
92687
36034
10769
10778
59120
44592
32200
38385
44322
10769
556329
746102
748238
32803
45090
641495
640832
43668
625256
38245
701788
757549
609277
430100
738418
746078
430827
556330
713123
758851
746102
751451
644084
740274
726428
45785
601235
746098
745020
609277
39727
497829
497825
90431
25522
751452
430100
663633
751457
54001
15854
683931
38233
38245
751456
644084
32807
738141
30398
556251
17475
25405
17700
25515
44595
33399
44078
45099
46447
39586
36589
29769
325277
45737
10759
43531
11232
92926
92646
92624
23792
18458
90635
45537
38385
45785
619028
719988
746078
723855
723859
17867
25517
33930
11232
27158
332614
164850
45737
224818
92624
46487
92211
38385
23792
29772
46719
588307
94177
10771
694142
93295
704530
90023
38385
92624
42538
46676
224818
38385
92662
23792
92926
52887
52962
31016
11232
33517
178184
38385
92211
10822
24048
42994
28323
721275
42994
92741
71489
92646
246825
38246
742224
215745
81827
52711
38246
704280
164850
754138
92646
419030
92646
38246
760889
404637
164850
26291
754138
164850
527172
527172
470519
392879
427842
92646
571645
315284
527172
12055
92926
11232
3208
92948
164850
31197
92693
33517
36386
52982
40386
92624
62446
38385
107102
25115
34977
38347
45607
32450
10824
16718
92624
97102
31197
107942
10824
92693
38246
45607
11887
10822
114265
13566
29771
541722
52900
52831
92693
23792
92624
45734
49193
193745
90023
66239
17811
37699
23792
92693
92662
567276
33517
80034
40387
11232
10824
26045
92624
45217
32200
38385
13328
52887
41123
164850
33864
10770
10778
151853
38385
71372
43308
38385
23284
33435
97102
32200
38385
23792
13328
63791
33864
16830
37227
11879
39681
42994
38385
92649
190680
25240
32200
23792
92661
92628
3204
17301
32126
33864
164850
37281
54001
92741
213136
32200
38385
92211
43762
10769
30584
107102
80133
39681
42994
33221
25111
644084
23698
92741
193745
5481
32200
31197
37644
92624
479531
32200
38385
71372
92624
92630
18458
36266
369394
39688
42994
648090
42994
36266
29251
38246
10822
592741
31197
5689
3204
33517
36385
40386
25004
3204
92754
592741
31197
90023
92693
37645
33517
31197
183949
468628
90023
37061
489582
23792
92693
92624
37645
38385
23792
30341
52893
569554
33867
41202
11232
10328
44082
33450
44595
92624
45217
38385
13328
52887
63791
164850
33864
10770
10778
37910
25801
368355
27244
37061
30283
36380
37646
37910
31167
520672
30283
23792
92693
37645
92624
97102
38385
23792
13328
63791
33864
16830
37227
11879
195262
42994
195262
53042
40978
30341
80133
213140
38385
23698
33405
193745
5481
31197
37644
92624
126479
31197
16830
11123
42874
52887
541286
33879
16718
38346
52910
114265
41769
183949
517408
23792
195262
80133
18682
23792
10769
315161
11232
41769
11914
23792
37125
178472
42994
42337
18771
105235
31197
13328
23792
33879
39102
10770
11880
31446
23698
475592
52885
11232
221301
44078
33405
16718
31197
3204
92628
92662
23792
92693
37645
489582
92624
18420
38385
13328
66857
45419
10770
33879
2304
97102
265780
29138
11232
42994
45603
38346
151853
47292
32123
23792
42874
45419
52885
5481
38385
75994
55091
27395
92624
37644
517408
38385
33517
3204
648949
92624
44322
92646
23792
37125
178472
42994
42337
18771
39688
61633
10769
11232
41769
315161
23792
80133
11914
592741
90023
215417
10822
38246
89936
92624
34052
31197
92693
37910
90023
31167
23792
92693
52928
52893
3204
92628
121503
37646
113613
92624
44447
31146
23792
33053
83559
38246
517408
16042
414017
80133
44590
92944
89936
83706
42994
26161
10770
164850
105235
32200
31197
13328
23792
33879
39102
10770
5689
97102
23792
52911
36435
23339
36425
61633
164850
38385
632147
25581
32123
23792
719590
52962
25970
52887
23965
33864
92628
3204
52885
92624
95846
37699
30596
23792
92693
92624
192160
37644
29772
183949
564429
11880
31446
34148
94172
52885
11232
32012
44078
33405
36068
42567
17718
44078
151988
10769
32123
78191
36526
42994
11232
41769
34145
37910
25801
368355
27244
37061
30552
36380
37646
480059
22809
28045
37910
36380
215904
37699
37645
210750
592741
25801
368355
34811
454302
428284
109714
210750
109729
37645
586063
213140
32200
38385
44326
39213
28560
32126
85023
32200
38385
44326
29251
16578
34803
32200
38385
42994
94177
140739
42460
31197
16708
92754
92606
37646
163424
42994
39688
29248
158911
32200
38385
193745
234609
31197
23792
92693
40386
23792
92662
114265
23087
75994
92741
46261
163424
11232
164850
42994
25982
32123
23965
27395
250901
46745
36034
36425
12697
34394
10769
61633
99734
12263
3204
36382
40387
53045
16460
151988
151988
32200
38385
44326
44519
44589
63192
21493
86447
37910
31197
90023
16578
34055
23792
74003
37645
155989
16718
31197
3204
92628
92662
23792
92693
37645
489582
155989
92624
681662
44589
38347
3204
114265
92634
11232
41769
38337
36631
92741
444614
37910
648949
31146
80133
92693
23792
92661
3204
660632
74003
29769
10822
257
92624
508974
160312
92646
171545
660632
215417
33882
44589
74003
92624
31197
80133
92665
11887
25240
11123
36384
45419
10778
10770
33879
32200
32571
11887
60680
33879
49436
38339
45909
67066
65429
190680
23792
92211
54599
26161
34148
26167
151853
47292
200003
32200
18420
38385
13328
66857
45419
10770
33879
2304
16718
35925
26162
17407
10760
144131
34055
28349
155989
17393
17402
33517
92628
3204
27163
92754
12263
89936
31197
23792
92693
40387
37644
92624
92662
5481
121635
31197
92693
92624
10824
18458
592741
90023
33896
128502
147061
31167
23792
121503
192160
37646
183949
730881
92624
32389
118542
31197
36152
33517
23792
40513
92624
228487
38385
36386
23793
3204
23792
36724
42458
92624
10765
479535
34052
31197
40513
16578
36385
49193
5481
32200
38385
75994
55091
27395
92624
44078
5481
42994
39688
34148
37644
10822
38385
33517
3204
648949
92624
44322
92646
32123
34524
31197
23792
92741
37125
33116
80133
17122
11232
39688
32126
32123
36386
38385
20262
369394
10767
144131
34959
37319
33435
564374
32522
38346
151853
47292
32123
23792
42874
45419
52885
17393
49193
31197
92663
80133
92693
92634
92635
25087
11232
52982
183949
183027
174826
132138
92624
15676
52887
38385
5689
23792
92628
719590
541799
308264
114265
52885
52924
52910
11232
35787
30283
40986
27371
10778
40328
70283
70400
41867
33864
335230
10769
33864
71372
4665
62152
33864
27395
4665
62152
547977
547984
29771
92679
92926
92625
37060
52706
38385
92661
23792
42443
52893
244917
382224
52896
297247
35897
749033
35787
35897
23792
92662
92628
92926
11914
41123
29771
324636
52893
569554
11232
38054
94177
92662
719590
23792
80034
92628
33867
479158
52963
569554
52979
324636
90023
11232
41769
38385
19887
35787
23792
32123
3204
59285
42226
33864
42481
10822
12060
52893
52902
569554
107102
90023
324636
569554
52979
11232
41769
23792
92662
22828
29769
63791
79355
632147
11045
94177
547977
547984
29771
92679
92926
92625
37060
52706
38385
92661
23792
42443
52893
244917
569554
52896
356962
35897
749033
92693
31197
669717
23792
121668
12850
29772
16718
90023
10822
38246
35776
11232
52982
92624
671671
92699
3204
92628
27163
33517
12263
92754
31197
202699
40387
25004
3204
92754
592741
31197
368355
92693
37645
33517
80133
90023
44589
31197
3204
92661
53045
16718
38346
23792
16460
381410
37645
155989
12691
32571
186580
33864
121644
678982
676423
481640
10822
29138
31197
41769
31018
45734
42458
121668
601427
163424
25240
38385
3204
18461
92662
34977
164850
39684
332614
107102
80133
632127
38385
34148
62351
44078
23698
38347
39684
332614
36505
33429
632147
44454
38385
110354
11234
38385
11123
24048
33879
10778
10770
44589
23792
92693
10824
183949
92624
314751
36269
37645
37699
648090
92646
677077
30596
43782
38385
45603
667567
29769
52887
23792
547979
92662
52835
11232
4665
92646
29897
8276
20629
92662
52979
38385
715998
92741
43768
38385
715998
34148
33429
644084
332614
92741
40735
92211
38385
11232
41769
43762
715998
332614
92741
33520
90497
33221
33447
632147
11232
41769
38385
544492
93980
746208
90023
23792
164850
27395
11045
33450
18458
92662
18458
92926
11232
176308
92679
92646
92774
719590
11232
94302
71372
35471
92662
92646
18458
10763
38385
32123
719590
23792
52887
32200
17393
33864
25586
77806
94124
38385
42379
40328
29772
269649
314728
11232
37700
35794
83706
11232
49193
719590
10778
5689
12060
15410
31197
13328
23792
92693
33517
29769
90023
10824
11232
80133
62152
92624
13328
3208
29772
15682
32371
52979
52896
18458
11887
60680
33879
49436
23698
442687
67066
65429
31197
33053
23792
92693
33517
29769
90023
10824
52982
11232
16042
183949
80133
92624
38385
92662
23792
11232
92211
26045
45737
29769
17711
49193
39586
21617
245072
36525
245013
158350
29772
12477
92662
92628
3204
23792
38385
514740
11232
29769
45909
38385
23792
11232
227
40385
17301
29769
44011
19564
49193
21617
454302
36380
175151
28130
31197
44595
45099
92662
659929
92646
18458
37910
31167
90023
30283
23792
92693
37646
92624
41867
56192
13552
33429
92634
137814
10765
31197
710253
44595
45107
92662
176308
18458
16718
38346
52910
114265
601427
183949
10824
23792
11914
80133
32123
42994
45603
11232
41769
39688
32571
40705
41867
34144
130729
32200
38385
42994
94177
18579
130729
32200
38385
44326
42460
16718
31197
23792
92693
114265
43001
730881
92624
163424
32200
38385
42994
94177
45099
18458
97102
25239
29138
11232
42994
45605
164850
40997
34977
61641
16233
10763
36883
26045
26862
155989
11232
8609
34055
16233
74003
92624
671671
26862
92646
38346
35416
92624
26045
132138
20629
659929
29733
34959
35925
155989
46301
12694
18458
92624
92679
176308
41140
11232
41769
45885
246612
369394
34148
34145
114265
16438
573251
10822
13566
38246
632147
10778
92741
107102
45049
38246
11232
21865
6918
94864
96701
13566
10778
87580
174606
28998
757817
52947
11232
92797
65540
27163
517408
13566
38246
632147
17402
38385
40978
32123
23792
502142
33867
10759
25653
5689
97102
23792
52911
213140
43217
38385
23793
93016
622727
178184
130729
38385
42994
94177
18579
213140
42994
738456
92624
71372
44589
42994
738456
42994
13328
23981
44519
86447
10777
318933
32200
38385
42994
94177
44519
233614
42994
39688
92624
10824
26161
38385
113412
23793
93016
32126
178184
233614
32200
38385
42994
94177
42460
5481
32200
38385
42994
94177
29248
45885
92211
17402
42994
34145
415413
54001
164850
10778
332613
25653
39688
31197
16709
92699
3204
92628
27163
52702
12263
92754
23792
37646
83706
42994
26162
213140
42994
39688
92624
71372
44589
42994
39688
45607
649061
26162
42994
32123
23974
33882
44589
92624
547907
164850
668167
81827
455501
541722
52900
52903
35416
737070
458935
212843
53236
92646
83483
427842
92646
95654
470519
233468
527172
92646
541722
18771
3208
29769
62152
45919
29772
40328
28323
33517
92211
10822
11232
183949
90023
92624
43087
33833
29140
151351
17258
35925
92646
527172
38385
37128
11232
23792
16045
92624
38385
34959
160312
183949
38246
92624
45419
38346
52924
601427
68572
92661
23792
38346
90497
6918
174077
32200
38385
45607
665375
663633
710071
644084
690908
36070
32807
42562
41011
745493
6918
23793
32571
17122
31197
25982
92662
17435
34567
659929
71489
10759
31576
38246
34205
83795
29060
92928
54923
54926
92663
92926
178250
92646
151853
74003
11232
52982
38246
90023
10822
183949
13566
92693
92624
43435
45360
44842
35767
93758
13328
163750
80133
212273
11232
41769
147020
35769
35767
519374
41485
45362
92685
92960
34959
38864
36902
33330
27938
45362
35767
50335
40332
43705
30267
35769
35767
44317
437557
41485
92685
92960
54935
592532
92662
38385
33867
143025
38385
62792
13328
45419
189964
10778
33879
10769
38385
8275
43435
33882
44589
10822
38385
92663
92597
33864
315062
11232
67066
28552
10824
161286
5820
83559
38246
33882
33879
40696
17404
16233
66239
83559
92624
92646
10760
10763
89936
38385
27371
32123
28323
719590
23792
52887
11232
44790
92642
49193
92644
33864
25653
38385
32123
28323
719590
23792
52887
92211
33517
33882
33864
183949
92624
10822
18771
92741
45919
224597
52979
35416
10760
92662
92792
38385
33930
33867
11232
33882
29890
80133
39688
83559
92646
34524
644084
92624
175866
660779
382221
52770
660584
37700
39213
132138
25239
38385
68773
29147
877
3193
59234
669717
38385
23792
121668
40387
38246
11232
52982
25016
31197
30596
37646
155989
31197
42541
40387
94177
10771
45084
27163
6918
27158
41867
11232
17393
49193
31197
92663
80133
92693
92634
92635
663633
11232
52982
183949
594813
174826
132138
92624
94429
11232
92597
35476
52982
24108
92624
155989
121503
730881
192160
31197
23792
23793
40328
3204
121668
92624
11232
3208
92791
164850
11232
3208
26045
164850
23793
24423
54001
10778
3204
42994
40386
92693
92624
16644
38385
23792
33867
63791
332614
38385
32123
33517
36389
27158
10822
33867
369394
10769
31197
32123
80133
663633
32918
37646
12694
38385
92662
23792
49193
52887
569554
52835
80869
36674
22822
44752
11232
92646
42994
23793
16578
44790
92642
49193
92644
42994
94177
35425
26045
36883
37646
155989
29772
35799
26045
13328
92650
80133
42994
11232
36505
44078
92668
94177
93295
92662
23792
52887
52903
11232
23965
38385
42994
32123
92211
23965
24035
33867
40386
25653
10759
38346
23792
439793
25004
33517
92211
37061
38385
44326
92663
11232
92646
43990
10767
17402
38385
332614
32123
23792
46302
33867
25653
10759
92600
42994
42998
155989
10769
49193
25333
92644
42994
17122
5817
42994
33930
92663
42994
65429
3193
17402
42994
257
37644
155989
92597
42994
332613
92792
42994
28323
36425
42994
74084
38385
24804
23793
10778
164850
31197
23792
114265
84535
40387
11232
193745
3204
92693
92624
10822
31167
183949
17393
92699
3204
92628
27163
52702
12263
92754
31197
40387
25087
37699
36594
34811
36380
10824
215904
34055
31197
92665
74003
37646
190902
139287
42994
39688
92624
163424
11232
532554
273417
474041
38246
31197
264990
52702
92954
234609
94177
11045
40395
295154
669318
17663
25458
640337
640363
723851
723852
723853
723854
723855
723857
723859
723860
37061
33517
92622
31197
52927
52893
121503
92693
23792
92624
10822
44037
38385
92662
547981
23792
52887
52835
10328
11232
18458
54922
38246
44095
92646
40522
54926
10822
183949
22534
38246
23792
92624
16045
10822
92624
183949
16045
92774
23793
26045
38346
23792
114265
61633
45090
38385
93295
40986
718223
32126
10769
701760
36427
44454
6918
18771
107102
11045
12264
562865
94302
92624
10760
11232
52982
16321
31185
165871
144692
31197
92624
144692
54001
593362
38246
107102
11232
31197
144692
29769
92624
23981
41140
92663
369394
252658
10767
10763
34959
42567
25004
11232
92600
16042
38246
92693
42541
31197
92693
23792
37646
11232
3208
26044
164850
38385
16830
13328
33882
15682
42994
38385
16830
13328
33882
15683
42994
92642
33626
11232
23792
225342
92693
487417
38385
32123
541799
30401
92624
155989
107942
183949
89936
38385
33517
92211
10778
12847
11045
36386
80133
90023
33626
155989
129546
66857
42994
592532
474041
273417
92642
5667
37063
11232
16042
225342
487417
42994
5702
65429
34145
87580
11045
80133
90023
38385
27163
52887
52866
52979
44095
33867
11045
94177
92624
10769
704530
3204
31197
44521
155989
132138
25239
38385
80858
164850
38246
80133
94429
107102
11232
24108
31197
22562
663630
11232
64844
45049
52898
35471
45360
80133
24108
93295
44078
365772
42994
25239
119337
36496
255429
41210
46261
10770
114265
23793
31016
110777
332614
17711
11914
11871
13328
23792
52911
52923
52924
38339
11232
41769
155380
26162
45607
18679
361613
42334
178472
23792
66857
38385
65525
38346
13328
92792
3204
44519
91018
151988
509687
44589
86447
92741
45890
36631
38385
113412
42994
94177
332613
174077
32200
38385
45607
11887
25240
32200
38385
11123
24048
33879
10778
10770
11887
32200
38385
60680
33879
49436
38339
45909
67066
65429
147744
32200
38346
23792
45419
52924
332614
190680
32200
38385
23792
92622
54599
26161
34148
190680
32200
38385
23793
36386
33864
65540
92616
10777
246612
75994
164850
190680
32200
31197
92622
23792
13328
541286
33864
10777
126479
32200
38385
13328
66857
45419
10770
33879
2304
38385
581943
29272
27382
12055
49193
719590
92634
38085
3204
92663
42994
30547
10770
40385
40387
17122
46884
41867
56192
10777
27403
62152
36071
17711
140739
27403
41867
16460
332614
45921
45737
17711
41867
35954
45917
38385
113412
42994
94177
44684
332613
91018
92791
17711
23792
457846
114265
94177
29091
164850
94172
33405
52885
22540
34148
44078
31990
42994
65429
22240
332613
602111
32200
39688
42994
38385
16460
33221
25111
56192
38385
3204
37060
92662
11232
41769
414021
90635
33221
36382
16460
92741
62446
38385
107102
30584
27961
41221
33429
67114
86447
65525
65540
37279
118425
164850
509687
42994
66857
38347
10770
237208
10151
17669
55970
92630
175449
23087
43975
38246
23793
10777
38346
601427
92942
562865
164850
11232
41769
43531
178184
176308
73787
286737
33257
94163
52885
34148
33405
33257
80858
61633
33435
11232
41769
42994
23698
10769
42994
23793
23792
114265
45653
23698
75994
252658
10770
163424
38346
92792
92663
23792
45391
37227
11232
85023
26161
24695
215662
42994
44322
39688
344043
42994
34803
44521
18679
33384
649061
11234
601427
31197
719590
13763
32123
92642
92644
44188
33879
10778
190680
38385
23792
92622
54599
53042
23698
163424
29138
11234
601427
18579
475592
52885
221301
23698
33405
42501
64053
89426
29138
45108
43975
368355
26161
38246
215662
42994
42994
23793
23792
114265
45653
23698
75994
2965
10770
163424
47292
740012
93986
6918
30341
83576
83588
46264
80133
33444
163424
42994
67590
195262
67292
11880
674270
18679
43618
23792
92693
517408
41769
22538
183949
92624
461030
13263
674270
24704
33435
12055
11914
80133
32123
42994
45603
11232
41769
195262
448051
674270
42994
33429
25111
24704
12055
38385
16830
27371
23792
114265
80133
41769
40978
33384
10769
592741
368355
25801
92662
3204
23792
37646
19763
227
674270
16460
140739
33384
738456
42994
254850
16460
330864
42994
11234
41769
50998
43217
444614
257
52702
3204
5820
92774
18458
23793
44589
42994
42998
92646
92923
163424
16460
33384
738456
42994
44589
63192
21493
86447
5801
11232
41769
38385
23792
74084
475592
80133
53187
52924
52943
33384
44078
23698
92792
719590
92741
164850
85023
38385
44326
27724
44078
30254
23698
25111
90497
10770
10771
23792
52923
52877
52896
22540
41769
97102
38385
92663
49193
719590
45419
24048
46264
38385
13328
23792
67066
20020
114265
52962
52887
11232
601427
23698
26045
42994
40978
140739
92663
70931
38346
40986
90497
90635
44772
38385
25239
29138
11232
42994
228487
45605
54599
3204
25239
42994
18152
17438
13627
42994
16460
92646
22538
23793
83559
121515
314751
613746
38385
34977
18458
10763
92646
93986
6918
30341
125701
520598
45917
80133
33444
25344
45894
33930
92663
42994
16644
27371
23792
22218
332613
107102
80133
39684
332614
19517
38385
38346
34959
369394
29248
75994
10769
164850
11880
18155
14546
33429
43618
45887
152487
21493
164850
298533
44589
38339
90497
62446
42994
65429
114265
54599
38385
14546
18679
50399
332614
137814
80133
155989
18155
369394
25111
12055
49193
27234
40942
80133
16460
39688
52924
332614
38385
28045
325215
30584
32200
17711
74084
75994
719297
60893
164850
94177
17711
23792
38339
90497
11232
41769
31185
107102
80133
332614
25115
23981
33221
92665
49193
33930
11232
29772
41520
17402
23792
38858
10763
10760
10769
30555
43762
35954
38936
61633
62446
38385
107102
42994
14546
33429
25111
369394
12055
6918
39688
10769
236780
41436
520600
414021
45737
36067
92791
38346
23792
114265
30601
332614
114189
44329
86447
109516
38385
11879
22243
130729
32200
38385
44326
30254
38385
16830
27371
23792
114265
80133
41769
332614
61633
10769
41117
46261
23792
114265
41593
38339
61633
45885
12697
38385
113412
42994
94177
34145
344043
592741
90023
25801
92662
3204
23792
37646
19763
599942
31197
34959
547760
34148
42565
18155
16460
18679
25201
23284
62446
38385
107102
16460
33429
80034
227
56192
667225
42994
14721
92569
52888
38385
40785
12847
44326
32126
174077
32200
38385
45607
190680
32200
38385
23792
92622
54599
26161
34148
151853
38385
71372
41058
29769
315161
11232
41769
52887
41593
23792
32375
18771
94282
38858
332614
42994
440866
444614
257
52702
3204
5820
92774
18458
23793
44589
42994
42998
92646
92923
36505
38385
33930
34145
33517
23792
33136
332614
10769
114265
18771
716235
42994
32126
17402
42994
92594
49193
23335
38385
227
83706
42994
44538
10770
164850
44078
151988
42994
39688
92662
44589
36034
23792
38385
16045
10777
164850
527172
704771
92674
62446
38385
107102
42994
14546
62351
25111
369394
12055
62446
38385
107102
42994
56192
62351
261355
227
53174
62446
38385
107102
14546
62351
490960
137814
92661
92628
448833
126479
32571
32126
34148
66857
45734
49193
10778
11232
41058
29769
315161
11232
41769
52887
41593
23792
32375
18771
94282
38858
332614
151853
11232
71372
5801
11232
41769
38385
23792
74084
80858
80133
53187
52924
52943
56192
44078
34148
38385
65429
18155
34145
10404
12224
62446
8275
80858
33429
56192
107102
80133
62446
38385
107102
42994
56192
33429
264062
227
53174
39684
56192
42994
92679
648090
32571
39505
38385
143250
33896
663633
13328
11914
80133
10769
11232
41769
38339
62446
38385
107102
14546
33429
490960
137814
92661
92628
448833
16578
38385
37061
23792
121506
10824
183949
527172
92624
62152
91128
37644
37646
92646
18458
37645
92211
42994
18155
34145
45737
18679
10767
83706
42994
26161
10770
18771
23792
36386
92211
92792
92663
68572
36425
164850
10771
92792
719590
92741
164850
85023
32200
38385
44326
27724
38385
13328
23792
67066
36558
114265
52962
52887
308264
11232
601427
38339
26045
42994
332613
92663
49193
34524
27371
38346
114265
53236
20137
11914
27370
34148
36505
34145
332614
10770
10771
23792
36505
97102
38385
92663
49193
719590
45419
24048
36068
655136
32200
38385
13328
541286
23792
164850
33864
63791
31576
10769
31197
32123
23792
59246
29147
67066
18461
92634
18458
42994
45886
92628
3204
92665
23792
92634
92635
92211
42994
38385
65429
369394
332613
91018
86447
17711
23792
606744
509687
92792
52924
114265
68572
457846
450994
12055
10769
92634
42994
34145
14546
33435
344043
18157
137814
18331
644084
610231
564374
32807
32522
44078
23698
92634
39684
36505
389712
28150
52885
33429
15679
46261
13328
114265
27371
36505
37125
33930
92650
38338
11232
30400
332614
15685
632147
92662
23792
92926
3204
35897
29769
53999
649548
92646
18458
569554
52893
11232
375366
10769
10778
164850
42994
18155
41230
33435
11914
33132
649061
25240
31197
719590
13763
32123
92642
92644
44188
33879
10778
32200
17711
23792
114265
52924
152487
38339
67066
92792
11232
94177
92741
94172
52885
11232
34148
33405
107102
80133
632156
38385
43768
10769
67114
67114
44329
152487
44589
20262
92663
92792
21493
92741
164850
40986
46264
17711
35954
46265
47246
140739
27403
16460
33384
450994
44773
38385
219937
44773
38385
537077
44775
38385
90635
45537
38385
45785
450994
42994
26162
24423
58511
66857
80034
175449
60893
17669
42994
80133
18872
36425
227
18158
16460
140739
332614
31197
41895
92646
22538
23793
83559
121515
314727
314728
36883
663633
42541
92624
13263
224597
155989
18458
37644
18157
253544
62351
36386
89769
12263
99734
33221
92663
42994
147577
44329
94163
80133
11232
689178
509687
42994
190680
42994
26161
178472
18771
23792
36386
92792
92663
68572
10771
164850
665375
36794
721275
625256
17393
644084
663633
26517
627324
22064
648090
390759
46745
32807
38038
13328
3204
23792
38339
325332
569554
308264
324636
52924
11232
164850
18458
10759
10777
90497
92663
24423
527172
92646
121506
27724
12055
46261
320516
663630
80133
39700
132138
32200
11232
38385
92634
42994
34567
33435
92597
92667
92923
34004
92634
92792
38385
332613
644084
80133
39700
35807
32200
11232
38385
29772
38385
92662
30400
6918
61633
232608
332614
25653
11232
20135
45108
164850
107102
80133
39684
31185
34394
15589
39505
92624
42994
176308
80034
92646
38346
10760
44589
36034
92663
12055
18458
35925
92646
140739
20810
135035
43990
92662
719590
49193
164850
52887
724120
11232
44589
84032
67114
16830
23793
18461
3204
44322
164850
39688
332613
10769
92645
19763
178184
44041
225689
92586
92660
92574
89921
25586
35425
25982
33445
34567
92624
25239
33444
183023
89921
279526
36901
144131
178184
10777
10769
176308
23792
164850
16042
36425
42994
44078
236780
80133
92634
92635
92674
92926
42994
38385
23792
23793
52893
83561
92663
92646
176308
479158
18458
82637
332614
39684
92634
42994
32921
42567
16460
369394
44589
420641
83559
38246
92646
92624
92665
24048
17711
30267
95846
33848
10822
164850
23792
10778
39971
26291
92663
92646
18458
42998
92663
92646
92679
18458
92926
38246
41769
246825
38385
121515
95654
17715
92926
92663
92646
18458
10763
36066
191719
178184
36066
659929
132138
92668
42994
17718
41140
21756
557873
92624
671669
106848
279526
30555
35925
10760
92646
587946
33661
89769
36880
42994
24048
324412
18579
75994
37121
46664
557873
176308
92646
41123
164850
160312
11232
114499
92646
92774
92624
671669
92634
11232
332613
92634
11232
94163
52885
22562
114265
92635
92634
11232
29272
46261
16460
92634
11232
22216
58511
66857
80034
2965
60893
42994
80133
18872
36425
27724
41140
23793
43361
176308
92618
183023
40759
23327
279526
89426
19269
80133
44078
45737
30343
38346
80133
94429
178184
25111
50399
92634
42994
14546
62351
50399
210446
16460
164850
11232
92597
38385
40328
10778
70283
22831
41867
29772
10769
92629
23792
42994
11232
41867
29772
10759
13328
3208
33879
592741
189964
92211
45419
10778
52887
13328
3208
33864
122376
47113
16644
56192
13328
3208
29772
15683
189964
52887
52961
18771
3208
29772
41122
41123
68572
16460
11880
42994
32123
23792
16644
33864
63791
92741
164850
80133
38064
92741
39684
42994
13328
33864
16644
47113
56192
118425
94177
31197
23792
13328
107102
90023
52979
45653
236780
13566
46447
39586
84998
29772
325332
46447
454302
49193
38405
29772
325332
38385
21756
13328
23792
10770
63791
45419
33864
92741
65429
38385
92662
23792
308264
52835
382224
29772
62152
70283
11232
35471
18458
176308
92674
42994
94177
719590
365772
92960
35416
52902
52898
24108
52887
10778
107102
33867
147924
11045
13995
187697
32123
36883
33864
44060
65429
13328
42994
23792
36558
45419
33867
246612
45902
208069
12055
36505
38385
17402
33867
332614
36505
38385
33930
33867
132138
13995
332614
38346
70638
23792
24038
16644
33864
63791
38385
92662
92926
33864
92634
10760
38385
18771
28323
23792
15683
504519
29769
53045
69066
97763
13328
10778
15410
12060
116538
23792
178472
42994
25240
38385
18771
33879
30209
155380
25239
38368
485765
155380
25239
45603
163424
29138
25240
18579
143250
25240
42994
14546
21493
18155
18679
630666
246612
332614
42501
64053
89426
29138
45108
43975
90023
14930
23792
25240
26161
38246
42994
92646
22538
23793
83559
121515
463914
23792
92693
92646
121515
12037
18458
377132
52962
601359
52887
52955
246825
35416
176564
42994
46885
43763
10769
38889
38385
114265
27371
41867
332613
80133
10769
62446
18679
33429
56192
50399
107102
80133
6918
11045
10771
61633
39688
42994
254850
16460
600119
16460
332613
39688
42994
62446
38385
107102
16460
62351
80034
227
56192
31979
34959
369394
22216
332613
10770
10771
23792
36505
21493
155380
45419
479158
42481
25648
36071
38346
13328
10770
10771
23792
33053
332614
92741
219363
42994
18155
34145
33435
344043
44322
10769
394214
22054
663633
726428
45785
44975
609243
147590
719590
23789
164850
10759
10769
10777
94177
740012
92617
27158
11232
35425
32800
3193
40985
35416
92792
92630
177272
90587
38414
369394
92774
164850
10151
34977
23087
92663
26291
164850
42994
38346
11232
65465
24048
42994
40997
36880
20262
35925
155989
11232
10760
92674
504691
16042
38246
178184
121506
155989
92624
3204
92669
12694
42994
592532
17669
240
34959
258510
35799
11232
40997
41214
22215
41769
35953
37783
557938
15057
332613
46296
35201
65540
38385
11232
41769
66542
41867
92624
5702
33423
10769
15057
332613
35201
11232
92649
28998
34524
32123
41867
34082
45108
38246
43975
12694
31197
3204
719590
92661
92926
10328
42228
92774
41125
178250
42567
467407
34965
42994
45917
92624
140739
40385
139533
92774
659929
92646
38385
11232
178184
518541
42994
164850
92723
30603
34968
55970
27724
92774
252658
92663
42567
36604
23792
18458
35471
92646
38385
25016
89769
37061
92630
67066
10760
41140
25239
26045
92211
92663
334757
41224
40461
32437
23793
12055
44043
38346
34965
519476
35794
173303
28238
36606
16233
34965
36883
13456
41520
252658
42567
23087
48749
224818
189791
35954
612447
28238
30554
41125
33517
38385
11232
161286
23793
45108
476731
589481
38346
24048
23792
164850
10769
15057
92923
17404
34959
3204
592532
178250
48749
132138
155989
569554
36606
11232
92648
5681
92624
25605
45109
21493
92646
22538
23793
83559
121515
43361
703742
92646
92774
3204
23793
92624
10760
10763
80034
50040
38385
65465
467407
31036
573251
41140
92634
11232
17711
42704
45891
252658
10767
140739
36883
41125
16438
45890
44589
54001
25085
18458
92663
92669
5614
92646
32379
11232
38246
92646
22538
23793
83559
121515
33517
62152
3204
92774
92624
80034
10763
10760
23793
92646
92596
92663
46261
34389
41769
65459
3204
105217
716837
92646
22538
23793
83559
121515
26862
35954
83243
18458
62152
28553
31979
3204
92663
42994
92634
140739
16460
479158
144131
25344
189964
42226
67066
92628
3204
92624
12257
16460
40997
42994
92741
139533
23793
10763
46261
26045
42567
30270
44041
92652
28349
360342
45109
132138
92652
38385
92669
17715
18458
164850
92646
43975
52877
16233
703454
11232
92624
18458
37645
46302
92635
92634
42994
32437
12055
92741
11232
41769
36604
42704
92797
23789
27724
92646
52979
18458
42994
92634
42994
92674
34389
46261
90497
34126
65540
3204
92663
479158
11232
92646
46301
20629
27724
41140
5681
164850
332613
42994
22822
92662
92646
18458
44752
49193
42994
270241
89426
40997
36425
67590
48749
83243
42228
92624
36883
38385
43975
492389
16578
140739
36608
703454
11232
41140
178250
16233
38385
703454
67066
37644
527172
74003
92624
26862
10760
8609
153373
25240
33390
16830
45109
29204
11914
23792
92741
80133
28334
334757
39684
107722
32200
38385
23698
42334
42994
10770
32571
17393
92211
42994
18158
34145
33429
12224
42994
36266
26113
29060
163424
40513
92624
155989
213140
10771
21756
32200
38385
43762
33867
49193
130729
719590
18461
3204
92634
92663
80034
40997
181780
23792
92617
67114
44322
36071
10769
34145
40385
21756
10769
164850
163424
40513
92624
52957
23698
195262
33384
681662
33429
674270
34567
71372
33399
25982
18458
34986
42994
46264
16460
164850
18682
90497
436424
42994
65429
22240
18682
18771
716235
42994
622727
555239
37227
164850
12060
33521
41140
168742
17122
479535
25184
16830
40513
92649
11232
80133
332614
52923
52982
107102
34148
90497
18157
26214
140739
444058
12055
38346
92211
42994
18155
80858
62351
25653
27371
27370
92663
114265
40986
23698
62446
38385
107102
18679
703525
246612
37227
164850
12060
375366
80133
38385
92663
23792
23793
68572
92679
44744
37227
10770
38385
23793
23792
29890
41234
10778
10769
369394
44744
80133
39688
18155
14546
62351
490960
246612
44060
25966
140739
16460
92629
17711
38085
92661
23792
91038
10778
37121
18579
629877
483817
37121
33221
12055
10151
17122
42994
24048
23290
176308
92646
11232
147924
29138
34205
514297
32652
92568
247166
499983
85952
93295
164850
52831
38886
164850
92693
645825
210986
93295
92568
52900
35425
249349
15776
32652
38246
427842
92646
243281
521063
92646
38246
81827
92568
29060
63407
547983
435755
92660
243281
178250
11234
114265
92646
427842
92646
521064
247441
215745
527172
178250
38246
707592
427842
547983
407837
685315
92646
95645
223946
39213
247369
247499
28991
92646
92693
332987
189546
419030
542036
26689
248270
38246
632493
34205
538338
499777
392879
89830
20544
70271
38246
10770
582103
164850
34389
297312
44095
590149
29060
248270
164850
527172
92646
684375
70271
685315
164850
527172
10770
12055
244652
92646
70271
527172
83795
92646
38246
734625
164850
315284
92613
38246
470519
35416
164850
39658
52877
164850
10778
39213
683993
164850
538747
39213
92646
15776
38246
178250
688095
164850
419030
68572
81827
23126
89830
74746
479158
35425
435755
243281
92646
427842
114265
92646
244606
527172
34205
29060
247115
29060
754138
247177
17258
189546
34731
42481
479158
92646
719590
483817
733517
70271
164850
45328
70271
92646
10763
22538
233468
32652
34055
92663
36883
92646
121515
36607
155989
671671
11232
3204
38385
38246
43975
23793
11232
660623
541182
52898
52923
113652
541799
315062
99670
99670
206643
601427
547432
38385
6918
589481
44078
33930
39213
52898
52902
697785
52923
11045
80133
38246
30554
41777
46450
172085
36517
22540
45049
18515
41775
239084
35471
484360
540684
45353
36902
38246
92574
89921
43705
601427
44078
85952
80133
38246
94429
39213
24108
52896
697785
52902
22540
44469
26690
42850
43782
21865
52896
6918
29138
80133
24108
44078
26690
453460
245035
45049
21865
11232
428284
25801
41775
18515
239084
30548
40814
43383
94177
38385
27371
92663
719590
33572
23792
10770
70283
56192
10769
38385
18771
11232
26045
92634
660663
36543
67066
29769
56192
27373
46447
454302
25799
29769
325215
92663
719590
49193
23792
10770
38385
27371
56277
56192
10769
107102
22540
94302
6918
36514
22538
29147
52898
24695
11045
37167
306211
36517
45049
11232
46450
41777
18515
24108
176996
123
89426
297298
41775
91289
470519
132518
107102
22540
94302
6918
24695
52898
32554
174826
3193
11045
46447
41775
41777
18515
44842
36517
21865
11232
37167
107102
22540
94302
6918
24695
52898
93764
46255
11045
52866
22562
332997
6918
24108
39213
44095
92960
38246
52900
23792
18458
132138
38385
38346
38385
92661
23792
18458
44758
11232
24048
17711
92665
23792
36525
33867
11232
41769
38346
92622
681662
94177
33879
32571
19763
6918
107102
90023
52923
19763
94429
208069
332613
38385
23792
92663
61609
52982
52927
33864
41053
17711
94177
332614
44042
44078
163424
42994
67590
39688
67292
18155
14546
62351
50399
323187
609243
629008
374441
704531
609277
299314
32807
703454
383233
45084
374441
257501
2098
585715
44610
221793
609277
746106
690908
45908
32806
31197
107102
25970
10822
23792
52962
52885
40328
33864
42481
3204
92628
422226
62152
479158
225006
27371
32123
34524
23792
94177
107102
33864
3204
92649
10778
11232
479158
724120
92774
3204
92661
23792
23944
80034
40986
38385
92646
92926
18458
11232
33882
80034
52702
44589
83559
92646
92624
18458
34965
23087
210446
17666
17407
92661
527172
40985
41867
663630
11232
41125
178184
644084
11232
36610
144131
94177
35425
31197
13328
52887
52961
107102
33864
6918
21617
23789
164850
10759
10769
10777
355215
23792
18458
132138
38385
92646
11232
44078
61633
16460
210446
369394
17301
189682
360719
444058
62446
107102
38385
25201
34524
27961
62446
107102
454741
187697
238884
38385
52898
38246
62446
107102
54926
31048
37167
164850
52857
23789
34126
23792
80133
43531
41518
28064
71492
514740
92624
33832
34959
32571
220635
23323
6918
28323
27371
21493
493526
17122
23793
178184
187697
33445
15040
140739
75994
38385
36384
23327
22948
45737
178184
278787
36543
10778
12055
10767
183852
38246
92926
92774
18458
164850
92770
147924
38246
52900
92770
147924
164850
52896
38246
92568
69847
249349
164850
545484
671615
315284
164850
716235
25239
42994
719590
92663
89921
62152
73787
65429
26291
92582
17668
92624
152487
42994
39688
10770
10771
10767
23698
17711
32123
92628
23792
52924
52885
52910
18458
569554
308264
52979
42227
93580
332613
29600
742902
716709
671775
37121
119337
5702
10759
10769
11232
41769
161286
44037
45108
31146
92617
92613
92663
82892
44554
141943
19887
65314
39684
42567
52924
25240
38385
23319
61609
92613
32522
38064
43308
38346
41033
38385
36386
23792
119337
502177
29204
23789
17122
92618
119337
25239
94124
36496
94177
18410
80034
92617
721753
18579
92663
80034
105698
42994
45607
38385
133200
10770
44037
65540
25239
45603
105698
67114
23792
11232
42994
164850
228487
25239
42994
126479
32200
31197
16830
13763
92665
85644
92622
23792
42874
52887
541286
33879
10854
32200
38385
13328
23792
92777
541286
33879
45917
38385
38064
59255
92622
43762
19184
116538
31197
24048
43762
116538
178472
23792
38385
32571
42337
39658
43975
25240
42444
42994
11887
32200
31197
13763
32123
92642
92644
23792
24048
42874
541286
33879
147744
32200
38385
13328
23792
32571
190680
10778
12060
157844
38385
32200
13328
36384
23792
45734
42874
32126
190680
32200
38385
13328
23792
52887
541286
33864
38054
62152
38385
59422
52898
155879
190680
32200
31197
13328
23792
541286
52887
33864
92741
151853
32200
38385
92879
92662
52888
12060
40785
290321
155791
69066
5481
32200
38385
92792
13328
22243
33867
10767
38385
11879
92797
92663
206643
45391
42874
114265
40986
38246
45217
32200
31197
13763
32123
92642
92644
23792
52887
541286
33864
10770
174077
32200
31197
92777
23792
13328
52887
10778
33879
16830
110354
32200
5689
23792
335545
12060
32571
10778
655136
32200
38385
40328
23792
33879
36384
10770
10778
32200
40740
38385
32123
23792
430100
36883
80858
33423
80133
44078
23698
65429
38385
5481
94177
23793
10778
3204
18461
92663
18331
45605
65429
38385
18155
23275
23284
25111
570980
719590
36883
20629
23793
41221
27961
5595
11515
36604
42994
178250
164850
38385
92881
28323
92792
92663
130729
52888
32200
42994
94177
39658
25240
67590
600119
190680
42994
99734
29251
110354
25240
32200
38385
5689
147843
40785
52888
52903
52887
92879
296642
37279
92597
42994
34959
36631
31979
61633
228487
42994
39688
49193
92935
92754
31197
23792
33864
164850
75994
94177
92741
213140
25004
45885
42994
94177
23792
38385
32200
39100
33435
228487
10771
21756
32200
38385
23792
92616
63791
33864
25004
130904
228487
42994
23793
23792
16644
63791
32126
30398
58511
36883
151988
32200
38385
42994
94177
42460
107102
80133
85023
38385
29248
126479
32200
31197
16830
11123
42874
52887
541286
33879
45902
42994
92679
18461
3204
10759
92741
53045
704771
18584
704771
42994
92646
724120
44078
99208
176308
17715
65459
23792
52911
97102
38385
38346
5702
89921
33879
10770
10771
10778
38246
34389
133200
25239
42994
38385
92662
23792
44589
12257
60893
65429
61633
24423
12055
92657
92661
116538
31197
23792
16718
45603
65429
38385
674270
23275
23284
33435
221301
92635
92634
32123
23792
114265
140739
94177
37281
33867
142296
195262
53042
40978
94177
30341
94427
33441
53236
320608
42994
33384
195262
38385
16460
23698
42994
164850
27724
23793
43361
176308
92618
190680
31197
23792
13328
33864
92622
541286
10777
45217
256703
38385
13328
52887
63791
164850
33864
10770
10778
16718
45607
213140
42994
17666
38385
23793
43308
32571
228460
42994
92754
30398
45352
42994
18458
18461
5614
92663
228487
42994
11515
42994
29251
38385
23792
82151
92646
569554
190680
24035
10328
33864
96894
3204
18461
80034
92966
42994
92646
92634
228487
92754
42994
228460
25240
65429
42460
25239
42994
219937
40997
13995
65459
92942
16830
18591
80034
92696
234976
219937
25240
42994
42337
45603
20131
42994
90635
28719
118425
42994
94177
42998
706038
42337
42994
92660
133200
42994
99208
92624
92646
92926
10760
17718
164850
38346
163424
42994
80034
92663
252658
42994
163424
18461
92628
5614
92663
151988
42994
54599
3204
65540
42994
11879
25239
92774
246825
447745
10761
164850
92663
163424
65459
432827
10125
26161
42994
17122
99208
92624
92646
92926
10760
17718
164850
38346
42994
23792
23793
92741
541286
45108
164850
38346
190680
42459
10770
10778
10769
23792
38385
38385
62446
92661
92741
33832
126262
21756
208402
42337
451642
603807
248016
92661
92792
23792
21244
38548
52887
475579
225689
332987
254850
25240
42994
589481
92633
25648
92635
92634
32123
23792
114265
140739
94177
37281
33867
42334
32200
31197
11123
23792
52887
541286
33864
10770
37910
31197
90023
3204
54599
92596
53045
13566
37646
38385
13328
15682
33864
42994
509687
45894
38385
92792
28323
23792
49436
44519
67114
318933
92741
130904
85023
214651
38346
85023
214651
432827
205478
164850
18155
14546
62351
43618
42994
13328
23792
92792
35787
44519
648949
151988
219363
10777
40328
42994
38064
80133
39681
92741
45603
32571
42994
13328
86447
43763
92741
11914
39100
80133
80858
33429
56192
92741
45910
489582
133013
31197
23792
92693
105698
92624
3204
92679
423139
704530
3204
31197
202699
23792
44539
155989
13763
32123
92642
92644
31197
32571
10763
171548
105224
33882
44589
89936
92624
31197
80133
5689
92646
228487
32200
38385
17158
33864
25004
38346
130904
94177
40328
10769
10778
94427
187697
53864
74746
479158
228487
32200
38385
23792
39100
45883
332614
92741
228487
32200
38385
42994
94177
32126
94282
32200
183949
37646
17811
13763
228487
32200
38385
42994
94177
29251
92629
45352
32200
38385
94177
42994
92622
32571
26911
233614
32200
31197
42994
23792
92906
42460
10759
10763
133200
32200
38385
92879
92568
33930
147843
32571
38246
10771
94177
23793
10778
133200
32200
38385
92792
44037
23793
32571
130904
164850
42337
32200
39100
38385
42994
94177
92791
133200
32200
38385
42994
94177
45890
43762
40738
133200
32200
38385
17811
99734
42994
94177
24048
32123
29251
92596
42337
32200
38385
42994
94177
32571
45894
163424
32200
38385
42994
94177
22243
129722
92596
163424
32200
38385
42994
94177
155989
42460
163424
207118
248016
205478
5702
10778
164850
65459
704530
42994
3204
163424
32200
38385
94177
42460
105698
32200
38385
42994
94177
22243
105698
32200
38385
42994
94177
10543
32200
38385
42994
94177
42226
140739
29251
675399
129722
704530
196163
32200
38385
42994
94177
42460
489582
5481
53045
32200
38385
42994
94177
36384
10760
27873
237208
32200
38385
42994
94177
42460
38385
31446
41234
20137
32123
23792
23793
38346
63533
35927
49193
44322
11045
61641
12055
45885
16644
47293
38385
114265
23792
63791
33864
332613
92741
369394
23792
65429
36067
279526
20262
23792
10778
12060
38385
38246
62936
26161
44041
45903
16460
23698
107102
80133
92661
6918
133200
32200
38385
42994
94177
34052
92624
42460
133200
32200
38385
94177
23793
37227
23792
36386
60893
32571
92699
40735
655207
19517
32200
42994
23793
36384
32571
187697
11123
38385
42337
39505
541286
39681
42994
130729
253544
39688
29251
110354
32200
31197
11123
23792
42874
541286
33879
113245
441934
27446
182547
432827
178184
330864
42994
25240
31197
92663
246612
92923
18579
92615
92741
190902
25240
42994
92663
92792
38385
10778
215662
83706
123
94177
39213
70283
42994
85023
92741
164850
143747
42994
92796
32123
39100
63791
42337
38385
23792
43001
29147
42746
92879
52923
147843
215662
42994
11234
32571
92652
19510
25333
42994
38385
19482
44067
92661
719590
23792
92881
38385
147924
59234
10770
143747
94177
33879
62152
97880
17435
92617
80034
10760
6685
164850
178472
92665
692693
248016
56277
92696
589146
42994
52857
164850
53045
86791
228487
65462
39100
13328
23792
23793
163424
175449
52857
32200
151988
38385
42994
94177
92792
44519
151988
33132
92797
42994
42460
161286
42541
151988
32200
38385
44539
38346
28323
13328
44519
86447
91018
62936
44589
592741
31197
90023
704530
3204
92662
23792
37645
155989
37910
31197
90023
704530
23792
92693
37645
52982
155989
31197
92693
23792
36883
33517
16718
37646
155989
105698
42994
24423
53045
3204
92754
92662
52702
31197
23792
44589
74003
37646
215417
52982
34055
27371
33661
92624
33864
10769
94177
97883
33661
42994
17435
74003
80034
92613
176308
6685
92754
3204
92662
31197
23792
44589
43001
52982
92624
603807
38246
94140
62152
13763
92644
92642
48869
52910
10777
5689
33864
80133
110354
32200
38385
45607
33882
12263
15075
34052
10854
32200
38385
13328
23792
107102
92777
541286
33879
25240
110453
32200
38385
5689
147843
40785
52888
52903
52887
92879
296642
37279
190680
32200
38385
13328
23792
52887
541286
33864
38054
190680
10778
12060
157844
38385
32200
13328
36384
23792
45734
42874
32126
190680
32200
38385
23793
36386
33864
66857
92616
10777
246612
164850
190680
32200
31197
13328
23792
107102
33864
541286
52887
92741
151853
32200
38385
155791
69066
92879
92662
52888
12060
97905
290321
126479
32200
31197
16830
11123
107102
33879
52887
42874
541286
155380
53045
25153
36309
190680
32200
31197
23792
13328
107102
33864
92622
541286
10777
11879
38385
92797
92663
2912
45391
42874
114265
40986
38246
105235
32200
31197
13328
23792
33879
39102
10770
45217
32200
38385
13328
52887
107102
63791
164850
33864
10770
10778
16830
110354
32200
5689
23792
335545
12060
32571
10778
174077
32200
31197
23792
13328
107102
33879
92777
52887
10778
655136
32200
38385
40328
23792
33879
36384
10770
10778
155380
25240
77787
234980
8781
42994
31197
31446
59255
324636
569554
59422
37321
34567
15057
176308
92679
33423
21439
592741
90023
16578
31197
23792
92662
3204
33517
74003
44539
92624
42337
90023
31197
92624
44539
5801
31197
704530
44602
92791
42994
23792
53045
85023
46885
17158
62817
105343
92624
36883
234609
43001
155989
38064
80133
39688
37645
92624
23792
92693
10760
19763
21439
16578
3204
155989
105343
44589
92624
10760
23792
92693
105343
16578
3204
52702
89936
215417
224818
28323
36883
92648
42994
121680
5481
33867
92624
257
36883
42337
23792
42460
90023
31197
3204
189359
42994
39688
121503
42998
83559
10822
38246
63192
31197
92693
23792
5689
33930
16578
33882
3204
423139
105698
228487
26862
92646
42541
704530
3204
23792
92693
92624
3204
52702
31197
23792
16718
37646
155989
16578
3204
31197
23792
16718
37646
31978
92791
38385
23792
369394
22216
33867
332613
23291
13143
45917
38385
113412
42994
94177
34004
99734
29251
54001
332613
31197
40328
13763
33864
655440
32126
12697
541286
96701
80133
31197
32123
23792
59246
29147
67066
18461
92634
18458
92662
3204
31197
23792
92693
16718
37645
16233
10760
92624
40697
42994
38385
44589
13328
17158
99734
65429
25344
19269
80133
11232
164850
92593
94177
23793
11045
33864
10769
126479
655136
162452
32200
16830
13328
23792
10767
52923
52898
45419
33879
94427
90497
66857
42994
92634
80034
39100
709709
31197
51028
32123
59255
23792
74746
324636
569554
52924
48348
63791
33879
38385
19887
23792
3204
59285
32123
52893
42481
517408
12060
52902
569554
35787
33864
42226
42994
59255
547983
33867
10328
75302
92652
40986
23792
743546
35416
324636
569554
52898
38054
94177
5689
719590
23792
80034
33867
479158
52963
569554
52979
11232
41769
324636
90023
92628
94177
38385
40328
107102
324636
569554
52979
33864
63791
3204
92628
655440
11045
38385
19887
23792
3204
59285
32123
52893
42481
10822
12060
52902
569554
35787
33864
42226
18811
42532
480330
32568
41227
41769
715998
44083
25239
42533
176308
92674
92618
23789
20659
32437
92617
16830
42532
34977
92663
41140
94177
36773
25982
44763
44760
176308
19887
73124
41769
10760
195262
10328
42994
636990
743688
42533
27884
36383
178250
92663
92774
41305
45108
69066
396207
94177
36773
44763
69066
44760
176308
94177
36773
31197
715998
44763
44760
176308
23789
67590
41317
629877
19763
187161
721753
29204
23789
37644
25883
20135
53045
41320
17718
655440
92624
94177
36773
44763
655440
44760
176308
41867
332614
164850
40997
572432
23792
41769
743688
42533
44983
701760
172085
92693
40985
39213
45378
45263
401124
31781
5237
10763
23126
39213
3742
164850
107102
221409
221399
256355
107102
107102
107102
39648
107102
6918
22562
11232
52898
80133
24108
107102
174826
107102
221407
320652
22139
22538
52711
24108
52898
164850
92685
45263
92629
46261
27371
23792
19510
33879
92634
92635
187388
45909
63791
27724
61641
92661
183949
11232
25799
128738
39213
92624
94177
13328
23792
315062
52979
24038
33867
85955
38246
52914
52896
92586
13995
38385
32123
23792
92634
33864
92624
18458
32437
38346
11232
740166
29204
719590
41140
34965
667933
13267
1639
700944
35471
360719
369394
11232
178472
225689
39213
10436
147590
719590
43531
164850
10759
10769
10777
94177
41045
92617
31197
32123
36386
65429
44080
220635
80133
94429
92606
42994
36505
92652
178184
41125
36425
15677
11232
92663
49193
719590
52887
10770
10771
23792
92687
29769
6918
28323
23792
10778
27234
44327
38385
36386
31042
11232
35471
10777
24804
41125
3204
30555
3193
28334
92624
41775
25799
42994
34145
51088
128411
39688
36505
38385
33930
29772
92662
27158
6918
332613
132138
663630
42994
38385
11232
31146
32123
23792
10778
92797
47352
22832
38385
23793
23792
11232
41867
19763
52923
227
37693
38385
89998
11232
41769
23792
23793
45737
41867
39688
42994
44078
92597
42994
227
41867
56192
33429
39688
41867
164850
11232
663633
332614
70283
11232
41867
38346
52982
37700
663633
32374
92624
18458
44078
6918
40328
47388
27158
29772
46301
31040
663633
80133
27163
42994
147924
35416
44324
212885
174826
132138
44095
16045
38385
183949
5702
92693
178184
11232
601427
28349
3193
92661
23792
92624
92693
10778
11232
31197
47352
10328
24037
43435
17711
11232
3208
164850
11232
3208
16644
164850
113008
94177
164850
332614
31197
346429
107102
52979
11232
41769
53174
480932
94864
38385
27371
32123
23792
114265
16644
33864
19510
33864
16042
31197
45108
10759
38346
13328
10778
38049
29769
161286
164850
36778
42994
17393
110777
164850
70283
11232
23792
6918
11036
40997
11232
38246
719297
52787
92792
92693
21493
92597
23792
3204
92627
49193
16578
174826
42994
39681
16578
42994
37061
23793
10767
164850
26045
40387
42994
54599
3204
25239
42994
42994
44323
92634
92635
42994
36607
155989
34004
42994
37644
92661
42994
36505
15057
332613
630660
17711
139331
23087
245060
428284
109714
34811
17711
36479
42994
25239
10778
66857
42994
10770
92634
3204
42994
92661
44042
40513
92665
92652
3204
42994
28349
42994
80133
45049
92663
70283
212273
11232
41769
38346
6918
28323
23792
17301
11232
41769
29769
164850
23974
92652
92693
43435
37700
52923
70283
93986
6918
23981
42994
92674
369394
140739
16931
90497
42567
46261
92644
33269
52982
33896
92661
38385
23792
10767
3204
92634
92635
92774
92674
35925
589481
36883
518718
32123
80133
107102
45049
31197
20553
27158
17301
164850
11232
601427
94177
28323
3208
33864
332614
33864
23965
38385
40328
36386
37227
42481
10771
44327
23965
36386
33867
11232
601427
38385
44453
467407
93295
92741
42994
25344
44041
36386
42994
24423
38346
332614
42994
33269
44049
33517
24048
43308
42994
44041
25333
92663
42994
22216
33832
